UUU: 1.1428571428571428
UUC: 0.8571428571428571
UUA: 0.2777777777777778
UUG: 0.7222222222222222
CUU: 0.8888888888888888
CUC: 1.3333333333333333
CUA: 0.5555555555555556
CUG: 2.2222222222222223
AUU: 1.8
AUC: 1.0
AUA: 0.2
AUG: 1.0
GUU: 0.5714285714285714
GUC: 1.4857142857142858
GUA: 0.45714285714285713
GUG: 1.4857142857142858
UCU: 1.2413793103448276
UCC: 1.3793103448275863
UCA: 1.2413793103448276
UCG: 0.13793103448275862
CCU: 1.2244897959183674
CCC: 1.346938775510204
CCA: 1.0204081632653061
CCG: 0.40816326530612246
ACU: 0.8372093023255814
ACC: 1.3953488372093024
ACA: 1.3953488372093024
ACG: 0.37209302325581395
GCU: 0.9855072463768116
GCC: 1.6231884057971016
GCA: 1.2753623188405796
GCG: 0.11594202898550725
UAU: 0.5
UAC: 1.5
UAA: 0.4444444444444444
UAG: 0.6666666666666666
CAU: 1.2173913043478262
CAC: 0.782608695652174
CAA: 0.35714285714285715
CAG: 1.6428571428571428
AAU: 0.6666666666666666
AAC: 1.3333333333333333
AAA: 0.7619047619047619
AAG: 1.2380952380952381
GAU: 1.0
GAC: 1.0
GAA: 0.7058823529411765
GAG: 1.2941176470588236
UGU: 0.88
UGC: 1.12
UGA: 1.888888888888889
UGG: 1.0
CGU: 0.20689655172413793
CGC: 0.3103448275862069
CGA: 0.3103448275862069
CGG: 0.41379310344827586
AGU: 0.9655172413793104
AGC: 1.0344827586206897
AGA: 2.2758620689655173
AGG: 2.4827586206896552
GGU: 0.8
GGC: 1.4285714285714286
GGA: 0.7428571428571429
GGG: 1.0285714285714285
