UUU: 0.7272727272727273
UUC: 1.2727272727272727
UUA: 0.29268292682926833
UUG: 0.43902439024390244
CUU: 0.29268292682926833
CUC: 0.7317073170731707
CUA: 0.29268292682926833
CUG: 3.9512195121951224
AUU: 1.6551724137931034
AUC: 1.3448275862068966
AUA: 0.0
AUG: 1.0
GUU: 1.4883720930232558
GUC: 0.5581395348837209
GUA: 0.5581395348837209
GUG: 1.3953488372093024
UCU: 0.75
UCC: 0.75
UCA: 0.75
UCG: 0.5
CCU: 0.5714285714285714
CCC: 0.14285714285714285
CCA: 0.5714285714285714
CCG: 2.7142857142857144
ACU: 1.0
ACC: 2.25
ACA: 0.5
ACG: 0.25
GCU: 0.0
GCC: 1.4545454545454546
GCA: 0.9090909090909091
GCG: 1.6363636363636365
UAU: 1.2857142857142858
UAC: 0.7142857142857143
UAA: 3.0
UAG: 0.0
CAU: 0.7142857142857143
CAC: 1.2857142857142858
CAA: 0.47058823529411764
CAG: 1.5294117647058822
AAU: 0.7272727272727273
AAC: 1.2727272727272727
AAA: 1.76
AAG: 0.24
GAU: 0.9629629629629629
GAC: 1.037037037037037
GAA: 1.5121951219512195
GAG: 0.4878048780487805
UGU: 0.6666666666666666
UGC: 1.3333333333333333
UGA: 0.0
UGG: 1.0
CGU: 2.64
CGC: 3.12
CGA: 0.0
CGG: 0.24000000000000002
AGU: 0.25
AGC: 3.0
AGA: 0.0
AGG: 0.0
GGU: 1.2903225806451613
GGC: 2.3225806451612905
GGA: 0.0
GGG: 0.3870967741935484
