UUU: 1.0
UUC: 1.0
UUA: 0.15789473684210525
UUG: 0.0
CUU: 1.5789473684210527
CUC: 2.68421052631579
CUA: 0.47368421052631576
CUG: 1.105263157894737
AUU: 1.5
AUC: 0.5
AUA: 1.0
AUG: 1.0
GUU: 0.75
GUC: 1.75
GUA: 1.0
GUG: 0.5
UCU: 0.782608695652174
UCC: 1.3043478260869565
UCA: 0.782608695652174
UCG: 0.782608695652174
CCU: 1.0731707317073171
CCC: 1.170731707317073
CCA: 1.3658536585365855
CCG: 0.3902439024390244
ACU: 1.2307692307692308
ACC: 1.8461538461538463
ACA: 0.9230769230769231
ACG: 0.0
GCU: 1.6
GCC: 0.8
GCA: 0.8
GCG: 0.8
UAU: 1.2
UAC: 0.8
UAA: 0.40909090909090906
UAG: 0.13636363636363638
CAU: 1.0769230769230769
CAC: 0.9230769230769231
CAA: 1.5675675675675675
CAG: 0.43243243243243246
AAU: 2.0
AAC: 0.0
AAA: 0.8
AAG: 1.2
GAU: 0.4
GAC: 1.6
GAA: 1.5
GAG: 0.5
UGU: 0.64
UGC: 1.36
UGA: 2.454545454545455
UGG: 1.0
CGU: 1.3548387096774195
CGC: 0.7741935483870968
CGA: 0.967741935483871
CGG: 1.1612903225806452
AGU: 1.3043478260869565
AGC: 1.0434782608695652
AGA: 1.1612903225806452
AGG: 0.5806451612903226
GGU: 1.1666666666666667
GGC: 1.0
GGA: 0.8333333333333334
GGG: 1.0
